samples=5000
accuracy=0.500000
precision=0.500000
recall=1.000000
f1_score=0.666667
TP=2500 FP=2500 TN=0 FN=0
