samples=5000
accuracy=0.999800
precision=1.000000
recall=0.999800
f1_score=0.999900
TP=4999 FP=0 TN=0 FN=1
