samples=5000
threshold=0.400000
accuracy=0.590600
precision=0.556696
recall=0.889600
f1_score=0.684834
TP=2224 FP=1771 TN=729 FN=276
